871
-295
-262
235
757
-236
-157
874
1
610
420
786
-764
-827
-499
-4
-389
13
-704
-58
-311
-755
880
584
-818
-948
-577
490
773
453
356
-654
415
-527
-549
-868
609
-894
725
423
-193
-163
466
-50
80
-872
-787
-501
-939
144
-808
-939
-455
-148
383
769
-793
775
-816
164
-310
-333
687
593
931
512
571
806
979
-813
662
-719
-854
-993
-172
-708
-240
686
-519
-72
-331
-589
-663
-391
-188
-528
571
702
17
471
161
183
228
-111
406
-234
-275
-808
-811
-977
-315
589
-410
9
-765
-185
967
833
-650
527
-447
-562
778
1000
163
131
707
-664
472
-362
69
-651
-907
816
791
670
-467
680
773
274
-785
366
-893
-997
-57
937
415
871
973
-437
375
615
687
440
748
297
783
922
-236
-551
-758
-361
97
-135
-508
414
88
-658
-901
586
-936
-593
743
-133
487
-455
-392
-494
370
486
930
-16
621
791
-207
-174
698
-420
-172
361
-521
-601
46
742
-959
-425
-282
-963
369
564
833
-357
-275
-153
-577
928
456
586
-945
424
-921
279
-399
-916
-734
829
831
893
884
-186
722
431
-878
31
-277
739
-398
-51
326
354
968
-387
-762
-261
507
-68
-786
397
-389
807
-656
-911
-190
177
521
78
769
683
-481
-900
264
-395
749
212
360
-801
-955
-543
-26
86
923
-395
168
-119
892
-522
485
999
69
152
-354
961
-410
-142
787
503
49
-167
-154
733
476
92
718
153
386
-849
-984
-737
247
952
-439
770
375
234
-617
825
-309
-533
-622
800
-694
-490
-867
-204
-922
950
564
-572
263
893
-157
-740
-474
485
13
446
-867
807
618
-477
-476
966
392
-398
463
-84
357
502
876
-697
303
235
53
-624
-964
773
446
84
-693
-544
63
785
-168
617
954
-17
195
-110
-396
-898
-851
-904
157
502
-103
205
506
-265
279
580
221
7
661
255
353
-774
133
874
909
-6
-718
355
-991
995
-839
-797
365
145
108
394
-824
600
613
-194
324
715
713
41
116
-181
-539
292
698
381
303
598
-383
421
453
-338
390
-22
74
922
273
-182
570
-67
-83
152
-199
-604
-308
667
-647
549
-917
-537
471
-244
798
779
718
-704
-41
955
162
-341
102
-155
929
-377
-302
46
-56
986
351
-567
-926
-70
194
-529
-769
996
-21
-896
653
-8
-906
676
-809
-181
503
-130
-584
149
-526
643
971
-304
166
-633
273
791
-189
-40
408
-331
-41
404
-229
743
112
154
-356
-791
-876
657
-60
-587
-523
343
-50
-902
-561
-208
672
241
-644
282
-471
595
547
149
546
145
301
389
4
-374
-593
-761
-42
-797
528
550
935
-636
-450
-615
-168
813
-533
-162
810
-958
512
-947
302
834
364
-480
367
-919
761
-269
458
-221
-659
860
-187
563
979
644
-628
928
883
-761
83
619
-754
-214
79
619
-638
95
354
904
-639
581
-341
-868
569
-834
913
468
-613
145
951
930
-654
-101
1000
-969
815
-813
-894
41
-9
-212
-468
-624
99
111
17
-275
-268
-513
90
-441
891
358
144
762
-405
-44
-917
245
-231
724
-919
-550
650
195
496
603
569
420
-273
8
-804
1000
-657
39
-71
909
-407
164
-304
455
777
-306
44
72
-528
736
-77
136
228
258
-648
536
-684
-958
-144
-958
739
-481
621
-518
-847
569
-185
762
601
-571
-9
-431
-542
-32
-81
-154
-780
-960
710
-716
-915
970
9
423
-16
-174
323
-838
813
-626
-147
770
-219
28
-962
893
186
-819
-574
-770
-312
754
-973
769
-877
45
69
656
-274
540
-577
-347
729
-332
866
646
-553
-662
-591
-153
-361
10
419
-814
-561
606
-481
-839
-257
9
-585
415
876
700
-12
746
963
904
-889
950
-196
-743
725
-37
-554
-213
985
-44
-440
-307
-449
-486
-825
793
-635
-445
350
204
-949
-852
-612
-811
44
145
-601
-2
388
-542
126
-495
-522
-695
-612
-762
401
-68
-566
964
-387
172
-662
425
-217
-598
-613
-667
-14
-267
-18
833
831
632
54
292
599
622
482
-344
-14
-452
659
364
858
700
-663
-25
814
-407
449
941
213
-493
-360
-643
0
-714
131
-492
334
-889
702
875
809
-496
-453
666
-105
984
876
-920
533
108
955
-16
-369
-569
-214
779
428
-950
233
-4
-917
668
67
-714
-396
-571
596
-380
-68
-989
717
920
-8
876
-760
-15
-319
588
419
859
900
298
728
-116
411
-809
448
-904
341
596
159
963
-328
302
598
153
-67
102
561
627
798
483
787
-912
-829
500
339
348
-651
-895
423
177
-4
-569
793
789
-398
-165
137
-479
-60
-103
-54
857
-977
575
180
466
515
-117
145
-850
369
847
-144
-469
144
-161
21
911
431
-545
854
-19
754
-797
960
806
81
-831
779
128
-262
605
-719
628
991
-556
-745
159
-812
906
660
-213
879
427
-766
-846
-863
669
675
239
586
-389
-915
532
978
270
805
-438
-125
126
239
-993
-222
-184
167
355
-19
841
-670
107
-785
580
81
-223
-889
650
986
727
562
930
506
18
-833
6
-623
6
-735
-836
783
803
250
628
-531
28
-526
-805
172
-855
-721
240
-241
-966
213
-415
38
-319
940
203
-491
-658
-471
-132
135
-532
272
494
-805
98
817
-76
576
-739
-231
-517
-793
-587
342
-959
592
-590
-846
409
881
17
-947
-56
753
-87
299
952
16
125
999
694
-27
-346
-695
328
764
836
-721
-678
815
225
-672
5
234
987
807
-8
998
32
816
-124
-451
-558
587
857
-590
47
-603
262
470
-675
-532
-101
580
781
-459
-763
934
-624
714
-699
-373
747
8
130
306
861
986
-443
466
873
78
669
-790
594
-89
794
473
-966
490
-68
184
129
-289
451
-586
553
-960
-860
459
382
-251
-477
506
-956
-973
552
604
-307
974
593
-39
740
855
-50
883
745
-436
-42
501
114
920
453
803
837
-786
288
811
481
495
-452
-162
-255
-888
-459
428
15
368
-644
569
-9
985
853
460
599
63
-435
-252
10
-717
-82
-576
732
231
-561
402
935
-89
-729
672
322
775
-451
-266
-582
29
978
360
-439
610
-99
-616
-508
-733
-250
-571
450
-207
-759
-804
769
-524
-782
-332
-368
-271
-316
-660
483
-276
-714
805
-380
552
-670
348
304
169
598
652
415
115
422
250
-288
-704
240
-501
-455
191
-383
-203
-255
581
-199
342
-58
-950
-97
-503
795
-4
-326
-455
735
-28
306
-869
-615
-454
818
-724
-588
-132
-365
500
746
-317
-435
-547
271
-216
113
623
-865
283
435
-91
244
851
296
-587
654
321
-501
-56
-807
236
26
-436
-343
354
661
156
663
-900
-701
90
727
720
672
-697
23
783
-211
-756
-68
-840
55
-58
335
978
863
-451
297
-478
-244
-905
-426
258
97
-450
365
-494
-544
674
318
95
-833
842
423
-930
-843
-962
539
313
-521
-936
-372
-320
916
-829
500
238
650
-714
-883
245
-625
640
-750
177
975
-621
315
228
655
723
810
221
524
487
647
778
624
902
53
195
-755
392
59
311
-148
-330
-166
-21
917
91
-839
-631
523
-643
257
244
636
126
404
215
489
108
-772
-577
-70
-533
524
451
-822
-524
-490
-303
-604
-748
-950
-777
569
93
-452
564
533
600
-585
-160
777
-952
-306
-978
288
546
181
701
-539
-373
328
976
-752
267
707
838
107
660
-555
666
894
-618
-920
-167
-76
636
-511
-65
563
394
974
-855
-794
538
232
853
212
864
887
-100
-820
342
-308
-733
-642
-745
282
-878
783
786
497
491
-224
698
-926
-619
768
-245
904
-501
56
788
-225
434
-140
-134
-435
-768
-182
368
-249
135
-897
160
411
-200
534
902
-648
820
53
-939
-327
122
-247
-987
380
40
-190
270
803
-771
-542
-301
-269
618
386
-387
-618
690
260
38
945
-784
-988
-142
-790
750
-592
-56
345
494
-420
-614
977
-568
293
939
-348
545
95
-57
-595
540
243
368
-50
478
-501
630
-62
834
-587
737
-363
345
800
-43
-600
783
-942
-914
-902
-658
323
-714
-498
940
-287
-320
-46
-569
321
-610
366
-629
321
-813
928
-489
-160
-909
11
-384
516
816
410
705
453
-469
337
878
206
220
899
-64
656
956
451
-597
-510
3
58
-508
-982
-806
189
-580
139
791
699
-935
342
737
727
26
-36
31
242
539
-820
-478
397
361
510
-468
-335
-867
-699
-804
-322
509
-571
478
-971
759
148
-78
-126
1
-643
902
363
33
-535
-169
138
-431
126
544
69
-311
995
317
-617
-872
45
915
-60
-754
64
17
-485
733
-961
386
-944
172
-751
-237
839
602
-266
-211
526
380
147
-738
-281
-842
-191
-733
828
357
429
-572
-997
29
548
347
734
318
295
313
-741
625
563
540
-212
11
412
-532
-25
205
839
34
-89
464
-833
-759
-259
-447
-826
-864
-823
-646
-976
-328
642
-385
-505
779
-763
-902
817
-138
203
-958
-238
378
443
-330
-986
-57
-748
658
228
620
-744
-643
714
953
-376
-390
999
103
-187
-855
947
412
461
-49
484
993
884
189
-505
472
-242
25
-456
-117
283
841
-647
938
-366
445
-889
834
-866
877
-934
-783
-851
-757
154
-866
-403
-337
-247
-321
634
701
-165
-953
-366
473
258
249
431
-83
-703
-226
-209
251
-646
760
-985
592
821
-792
-481
420
240
-54
799
80
-605
-199
-232
-482
488
-424
594
-239
-202
-113
-666
291
-486
-621
-481
941
-192
156
-35
556
-201
113
-369
-925
-507
-210
364
-249
-613
930
796
-630
-18
-1000
-864
-263
-45
-153
-673
-253
-67
-995
487
782
810
837
-825
61
699
-110
228
-80
127
-367
-533
-519
131
635
66
-107
583
-900
806
-403
912
267
-358
-795
-346
230
-733
-822
-143
628
761
-316
-418
993
93
-907
785
-715
-647
512
-37
-7
461
-363
-241
-596
58
180
335
774
295
-262
406
-179
-422
-52
-310
926
-228
787
-875
-995
318
-448
-462
508
31
-989
687
804
-328
-691
351
993
896
-345
762
52
-14
-179
-801
98
14
811
-587
-231
-877
-942
888
353
527
-238
-303
-836
-10
-911
19
441
963
-960
-373
846
424
922
4
-186
408
919
-485
428
988
638
883
-142
286
751
598
201
725
-772
662
692
-85
502
-744
-757
-511
548
-169
-916
-405
961
-150
287
-701
786
139
746
579
580
-548
-576
855
382
521
-884
810
-771
-428
-303
-261
827
794
302
758
-202
-349
425
-61
-956
997
581
186
-367
-835
706
700
-668
994
736
-560
723
-255
-807
-148
-412
-722
527
-612
698
128
-489
312
-97
920
-456
801
968
922
-264
-143
319
-54
223
-28
-411
558
-375
759
545
823
-895
-155
523
-672
-368
272
365
-897
-777
913
879
414
947
-935
-588
669
674
830
-656
942
190
-526
-771
243
-124
721
-850
-971
696
-607
515
200
-387
878
653
130
-377
-538
-212
-740
336
-81
513
-742
823
389
-973
-106
-227
-905
-565
817
377
-523
205
399
-466
208
301
-1
338
-830
-160
-288
341
960
512
-842
-812
-619
994
-264
-291
-847
-200
-393
-837
158
122
214
58
-178
-285
-45
-484
-267
552
17
-564
994
525
-868
304
165
-687
511
258
456
154
-38
-374
646
-100
-316
914
-233
421
463
306
658
-95
-940
461
10
-800
373
-1000
-396
769
-243
-182
-896
-869
37
-478
979
-832
-879
-515
-237
-122
-792
205
850
650
668
237
-438
802
-781
-833
923
149
653
497
362
-351
242
128
105
-347
-590
-816
-293
281
281
864
656
-95
-385
-392
-480
653
-214
829
-945
768
513
132
321
-520
-570
-356
-929
594
83
662
668
-519
487
82
-789
252
-773
312
612
399
-748
-312
776
339
-807
-587
-73
933
-681
-745
-390
-904
-192
875
-183
941
-64
873
-534
880
-588
-515
-64
-337
345
58
136
-375
-654
427
-298
-31
401
-375
924
384
-833
-486
-773
832
891
0
488
-102
-461
570
274
81
754
-466
-281
-501
-466
-652
263
781
-727
844
-192
559
530
-519
-83
-579
-684
-268
-944
441
42
-638
-13
978
944
-733
-929
-81
-260
-606
561
-197
943
-87
435
-472
115
-609
-241
445
-526
828
813
696
750
477
-449
10
78
-871
-763
-393
-64
-374
224
-695
-396
-655
-730
151
949
-495
-930
-973
-780
-302
111
-108
-200
781
-301
-107
334
-55
-315
949
-711
-940
-56
298
348
-136
-669
-737
-678
-289
318
250
975
-331
-598
-134
-805
355
-527
-166
876
712
-34
-400
773
-180
-829
-238
-520
-853
927
-129
-84
913
-936
893
329
415
900
-899
-988
-650
-827
904
-414
52
783
807
-212
520
424
-173
-258
-911
678
645
-961
-479
705
-250
-326
193
-173
-952
-934
659
559
999
-903
822
-445
440
796
627
525
593
172
379
-505
764
-91
260
791
-607
-585
939
-740
975
482
326
151
216
299
844
-41
-72
639
40
615
-478
638
42
-616
386
-560
-655
-1000
679
762
-980
-184
221
28
884
602
106
167
-202
115
59
120
754
846
-593
-951
853
-583
50
-137
879
-83
397
959
-293
63
-467
968
-682
985
-767
-996
-998
421
166
625
611
105
-471
-551
-789
-895
210
548
-660
330
-162
873
-241
825
929
932
-609
-577
-876
-934
196
-700
522
855
-805
821
617
770
-986
-639
-284
252
-949
678
-927
-983
-509
461
-688
576
159
-397
-414
-579
-737
-349
99
-127
793
221
995
-146
14
642
-496
724
522
781
664
-837
-936
479
-897
120
-919
-234
425
-584
698
-935
-353
329
-977
680
794
40
-354
-928
-391
669
-734
-714
17
874
-73
90
862
-85
110
-721
-598
820
254
260
-709
415
384
653
-169
-725
985
96
451
213
723
730
144
699
-526
216
791
279
-428
-519
-723
804
-741
-741
961
-428
-404
740
463
434
292
-924
297
156
537
-522
-721
895
-209
937
503
-595
-13
744
749
-813
-74
-107
-817
-201
-748
943
390
614
288
215
146
310
812
759
-528
813
-575
-337
521
-631
-510
-384
103
530
-965
-90
688
743
889
440
453
-799
-954
587
176
-981
-555
-174
711
-706
354
312
794
571
146
-492
181
965
-49
-548
954
83
758
917
299
-257
308
515
458
421
864
-424
-348
-101
655
47
387
282
32
149
-428
-673
124
-805
-771
489
-415
538
-809
492
-732
420
678
-879
385
-341
-231
-299
794
640
-93
170
-722
-737
783
59
416
-88
54
972
-777
-959
493
657
805
-269
-847
535
874
976
-833
298
826
195
-401
-652
-35
804
-912
-252
-642
185
172
-237
474
941
-769
-911
2
392
63
-733
-979
401
149
974
-950
317
-11
219
808
-100
672
478
-647
448
189
-63
-734
282
-796
-707
-75
850
419
-678
-856
-622
-810
-190
59
381
-638
332
630
502
764
999
-629
-480
-290
86
594
989
-265
744
-8
425
-129
93
-259
816
96
-827
-800
63
-616
83
373
-781
-688
-320
744
730
648
844
-565
-697
248
-231
871
447
-404
-802
-623
-783
360
-356
440
123
743
-537
-605
791
-957
-605
543
-311
176
-267
-922
-405
-427
-225
875
-654
-725
-222
-255
951
920
754
429
-368
-563
-173
-805
491
90
401
-901
906
408
-784
448
879
890
-923
664
-634
928
-938
397
-82
298
741
777
195
44
713
55
-568
-918
175
675
112
938
-75
-999
727
-444
434
-555
329
470
765
747
435
-67
845
127
-957
674
32
821
253
745
308
-740
729
40
-386
994
-51
776
696
-500
-189
-999
940
-844
564
906
-566
383
83
582
-589
379
484
582
-816
716
458
856
-210
67
162
-42
379
436
-478
-38
870
784
864
-819
195
308
-131
460
366
96
858
-435
-990
539
483
-956
988
612
-439
-879
997
-299
-650
133
299
-675
641
-284
-347
-9
-306
-988
701
232
646
-401
-128
-366
323
-381
-860
-342
-989
-203
765
-842
-449
-488
829
-164
584
100
652
183
-559
-654
-871
606
-992
-277
-562
-771
208
474
-972
-546
-955
220
-236
650
-767
-620
-732
-943
-129
270
-726
267
-178
-425
-708
-334
177
613
148
-867
81
991
915
619
-364
606
121
458
-451
929
336
-2
106
-302
578
105
643
896
-245
896
249
273
-936
859
835
-265
-373
-806
478
-732
-77
278
66
-776
113
228
327
457
699
702
129
377
93
-954
834
565
549
-60
240
972
329
253
1
-531
861
399
133
826
-279
80
-26
707
-726
-433
584
260
567
242
974
888
142
907
644
-300
646
997
-601
-550
123
733
-767
883
394
908
-362
469
270
-249
643
-686
-935
980
657
-983
-926
220
418
-110
391
-189
-538
-864
481
476
-949
-379
-315
-110
-281
569
993
688
-825
-614
-313
-887
-679
-684
563
-866
-168
373
583
-371
-517
64
353
135
-256
-267
-847
-511
724
-598
753
593
-804
-686
834
552
858
-839
361
183
603
524
-888
67
741
-411
254
43
411
556
-10
650
-232
-711
259
786
-196
-662
-905
-47
-683
-620
-558
476
-999
-799
-332
81
798
-45
738
576
-106
835
-359
-606
-452
848
635
731
811
981
-85
256
195
970
907
71
-220
-83
474
880
252
280
295
-161
-116
35
-87
698
-598
-542
270
-245
-116
590
-585
630
-593
84
571
-968
-191
-759
-583
-330
-546
-690
-931
-199
-754
475
-511
-226
-107
-504
960
129
-726
-398
-770
957
-888
-48
8
936
636
109
631
303
158
905
-274
-69
848
518
121
-597
644
266
-900
835
-706
-588
515
219
-177
765
-756
-1000
427
-449
-683
872
-471
583
-17
-658
625
268
-64
-62
837
-394
-685
180
683
323
-907
815
781
22
513
-150
-117
-346
682
-726
799
829
275
319
565
-731
-700
-615
846
-230
-534
478
917
464
907
154
-276
535
-743
-602
770
444
-675
-271
-462
-534
944
-401
510
-702
-116
-687
-786
816
-406
546
722
671
-120
162
-385
728
189
-128
546
-726
929
-111
-702
81
-325
-394
-443
-813
-99
382
60
-950
945
-224
-163
867
-796
485
-722
-537
-93
76
-770
875
-566
771
692
969
986
834
372
-13
838
-240
316
828
280
126
140
-111
52
485
-615
-94
-534
433
-462
302
-284
522
207
-484
-915
-628
-597
757
868
857
592
-371
-556
-385
-468
-675
63
365
-544
307
648
283
664
-424
805
-50
15
113
-268
-239
-781
-173
581
-523
-305
-362
-162
-784
-48
47
-420
285
-916
367
840
-567
-944
46
295
116
8
813
-103
781
-428
-656
853
19
605
-820
-753
-604
586
-393
-470
-316
449
-846
-723
313
-132
-998
-24
828
660
-526
-23
-849
-208
968
414
689
312
677
-936
-8
795
-853
883
125
75
938
-796
202
191
-44
592
17
169
-532
962
973
-462
-41
97
-226
884
967
456
668
888
804
906
546
12
740
752
696
-116
-176
802
-711
58
-647
-52
888
781
-834
-943
-83
943
-45
374
-607
-122
457
-351
-549
-109
-987
404
-802
-169
554
215
-735
-742
91
863
304
-767
736
-943
-115
-106
927
-815
374
-208
-869
882
-437
-282
905
-108
776
-216
-749
-255
-38
836
-151
-989
-527
77
561
-835
-809
747
-977
802
-368
189
880
-658
787
-17
-325
18
-928
-754
364
998
-342
-277
655
-160
-140
266
-246
-433
247
520
89
627
-102
-122
-177
721
276
522
399
-758
791
748
736
331
-410
-642
262
-25
515
753
-509
-109
688
512
-530
-842
763
-420
-924
369
758
876
-52
-635
-804
-416
552
524
232
879
663
-722
914
-478
66
-428
174
963
-514
-861
-226
662
894
-173
670
-155
-567
176
909
198
960
-492
-659
983
740
700
-217
-753
-366
-406
-906
-742
111
-734
577
-71
-95
486
506
424
-95
-704
880
-910
-322
-577
787
391
-735
374
929
-231
999
700
520
-229
-29
-499
-627
721
-515
921
-34
-647
-332
-389
679
-644
-352
-301
-518
13
-872
-556
361
633
-49
781
42
212
-567
743
-933
-495
-681
-711
-213
757
-324
-355
471
365
808
-1
-28
480
214
213
-942
634
958
-508
-801
-174
-414
-470
-808
-2
329
-888
965
-126
974
889
-401
-721
-334
-179
426
0
540
-883
751
286
865
905
-726
-76
-910
824
796
197
710
825
-177
199
67
981
208
-259
-477
485
-935
42
-689
-730
-428
596
-892
510
806
277
547
-180
69
-876
-972
548
-273
-579
-685
852
-422
864
204
-115
559
-738
368
-877
892
340
866
-989
-623
44
269
698
-853
212
-616
219
-277
-297
-158
-897
-195
-116
542
-375
-895
-188
211
-330
-910
-254
338
55
131
-589
158
95
698
675
182
200
-154
81
657
-852
-497
229
-680
317
-691
785
112
-522
550
-521
-476
25
229
-710
662
-879
734
945
-207
281
-560
-541
552
-586
-178
462
-717
289
242
-781
-355
-23
-815
767
-498
180
-107
771
-673
988
-984
768
496
561
-661
952
236
-212
-74
-601
669
-259
66
420
66
-335
377
-464
490
-904
199
-828
868
-231
-70
-84
63
678
-637
-258
401
-686
426
-259
-835
-531
-975
405
327
870
-638
-147
-798
-88
995
466
-531
880
489
270
42
802
823
631
-923
-621
-305
-186
-243
498
125
498
-881
526
-785
413
-286
-686
-207
359
620
-327
45
132
35
-177
-170
-167
785
-855
-299
647
-189
658
-240
413
-709
835
172
-149
914
-850
976
-301
-986
398
-962
773
-682
-445
-173
-931
-476
263
992
519
671
-611
-392
-316
684
106
-13
368
-190
932
998
93
571
872
-113
445
-20
761
424
-590
17
-29
71
270
-966
191
-318
-428
-459
-889
-480
-25
844
-271
-777
608
-888
-772
-147
-930
-718
-290
769
-302
239
-323
794
-335
549
591
-541
144
-524
804
-751
-787
589
-44
172
-605
438
-572
500
412
541
412
-369
761
-684
-503
-838
-314
-550
830
-820
70
-612
164
-432
67
-819
-246
-511
-79
-653
-663
855
-427
821
119
901
-692
-597
-364
-125
66
-390
-256
-507
-767
25
-52
-34
-52
239
-506
-475
-979
61
742
550
464
-96
459
44
-961
-324
43
-127
96
101
855
785
-82
814
803
586
163
-306
-419
-273
-793
-380
-461
474
620
247
963
-626
30
-400
874
-596
-933
691
-679
399
-235
-590
-853
736
104
-874
-561
-343
823
394
-179
225
-72
712
321
729
-697
386
-484
788
924
-983
793
-723
-953
-551
78
-765
232
-603
-350
-111
653
70
589
627
-107
215
383
479
-796
325
240
508
-829
-206
896
-936
478
-831
-372
-123
-416
-788
92
754
562
548
11
163
-260
528
-134
-536
-238
333
871
170
-279
987
-38
478
-83
-649
-747
296
-662
237
327
697
-584
620
-354
896
-303
-931
666
-630
790
65
-984
-14
-817
609
611
441
781
-985
-321
522
-533
-988
-324
-628
-306
-993
555
-398
-896
337
129
-814
721
964
90
47
-260
611
650
514
112
252
807
275
-212
988
768
-683
522
49
627
652
10
-398
136
658
493
644
-765
-812
-392
830
-739
534
-54
462
-772
431
-447
938
394
527
-585
-436
93
-326
-193
584
-340
528
373
642
667
-443
-785
-527
310
-678
-524
4
348
633
967
306
-265
-962
-497
-539
55
-183
-580
778
20
6
-756
-698
-105
881
-585
125
572
-472
717
-552
725
-30
-784
-876
530
-835
-784
99
336
620
-200
851
448
645
388
-55
-215
-352
669
696
-331
423
-829
157
330
-520
348
329
-492
-945
-100
-422
-310
333
-929
112
-584
21
-810
797
-360
-323
-945
-999
746
169
471
-555
-138
-916
-979
655
709
935
-513
-822
-276
-979
921
-63
-749
-782
499
932
-472
35
-701
425
817
865
8
433
980
-422
65
735
522
114
-369
812
-392
-359
-872
27
-657
188
-768
862
-891
-695
-28
-729
-714
-663
-263
151
-983
-58
479
749
145
-613
-605
494
732
-683
282
-364
-469
-272
-400
757
674
-532
978
-993
680
-859
-898
286
-59
-507
-633
582
-390
-483
473
590
603
-557
639
-784
36
-45
-561
-373
202
882
611
226
588
536
-633
-789
270
-2
332
498
-694
504
784
224
131
-711
-202
324
-587
-759
374
-673
244
-233
-592
490
-802
-199
334
-735
-597
134
-480
886
-271
985
-724
634
392
-389
-799
744
-418
-468
823
990
883
907
880
247
118
-240
187
210
0
907
742
-556
727
311
112
-552
410
-951
-310
-976
293
-910
-654
-371
698
634
-732
687
-753
332
-896
-561
731
-322
658
662
30
853
252
266
-951
-256
641
-873
-58
728
129
682
388
-732
-420
578
204
313
-247
749
-677
975
342
-463
-136
-404
718
-60
-360
957
710
-541
958
502
242
-880
-110
-6
756
673
484
-66
-638
-945
-542
357
161
-410
-421
154
420
241
363
795
-21
684
733
595
975
-146
-447
894
-794
675
654
324
-105
523
-130
832
-740
548
115
853
787
-16
-726
-597
-893
-293
-89
-593
419
-243
-455
-247
897
437
290
922
-821
371
-893
-496
946
-132
-971
-869
692
-223
-674
597
-605
-79
372
-352
594
508
586
-319
-411
287
-809
-689
586
-144
787
-227
970
325
-917
-398
-329
-495
-436
-42
-868
241
-831
965
-457
-131
256
61
-363
-673
-50
944
221
127
955
813
187
486
-228
700
486
-315
448
-34
536
-618
-850
-848
77
-118
-908
853
447
-540
-636
-15
410
-517
812
25
998
-32
-66
-413
-660
152
774
863
995
-546
474
-243
-984
-557
-703
-398
-133
26
-846
-792
-249
-159
387
742
-302
860
842
-823
795
-494
702
-237
848
275
20
674
599
-344
-505
417
-143
863
164
262
166
-73
-989
-850
338
665
-818
-16
673
87
-889
-291
-423
703
177
-618
976
405
-304
116
-779
-10
683
76
-735
613
-62
-604
580
-73
324
355
-366
307
801
495
538
246
-150
-82
-671
456
398
-150
-26
-658
-924
814
743
-529
-140
-87
-802
-329
-399
-544
-113
92
501
-912
355
-218
-570
228
-92
860
-864
-693
-548
63
-479
-314
771
622
-399
-186
732
-281
716
-221
-296
-298
-876
-671
-833
-644
-969
-972
-8
-72
-82
-423
-582
474
117
-907
-62
-569
878
-206
-247
435
275
-550
-849
492
-921
-556
895
905
-704
790
-620
7
460
-857
617
-446
237
-761
-89
511
-191
-394
-308
75
705
532
795
-742
-550
827
698
-514
-463
856
-909
-478
-255
-48
-72
684
915
-387
606
955
-239
432
196
162
97
53
-748
919
353
-395
-232
677
281
128
-337
14
666
-594
889
-279
151
924
-577
-448
-171
114
572
-579
-891
-825
-956
-324
-882
-646
69
515
901
-20
-16
-164
-115
359
409
-201
-327
-444
-767
578
654
876
49
-730
873
-964
-855
-9
-893
692
594
-726
21
-975
848
-140
-577
-872
-426
158
770
549
-730
-925
-913
906
-372
65
-196
112
766
928
-779
113
-424
-958
280
963
150
-969
-852
-732
145
972
-961
-846
275
-987
-1000
-342
-917
736
79
441
-575
17
704
394
796
-415
-446
263
409
671
-653
746
-879
-144
882
533
-676
-491
331
-400
-648
-299
-268
189
31
970
238
981
-706
921
-575
990
32
-78
-804
-331
426
-489
110
839
-592
-876
-994
-132
-736
636
490
528
-414
925
-450
412
141
362
-615
737
334
-918
-743
-989
189
-361
-345
489
235
-598
-426
661
-396
571
558
64
-753
476
281
540
993
237
-861
263
-113
79
-431
-414
730
192
619
-651
397
588
-690
65
-888
638
463
-980
164
-888
-284
334
98
566
-175
823
514
910
718
452
878
843
-667
91
-95
-360
-897
135
-960
276
9
52
577
681
247
449
-642
502
-744
-652
145
837
-336
589
-733
-886
903
316
756
-634
686
-100
273
858
586
-413
-429
204
-754
-521
-764
382
-343
247
-365
-214
32
-722
50
28
-804
-281
392
992
338
894
-739
826
-258
-80
815
-948
-551
147
-744
627
-244
687
481
-784
-806
-193
-511
-84
-311
216
595
776
-196
-797
-409
-553
-327
45
157
277
-857
-317
217
454
-689
54
860
959
326
-746
-927
196
-381
305
-63
656
-308
-579
756
-537
562
-864
-93
442
480
420
-389
65
-356
-142
908
256
-14
-605
-947
542
-439
-273
258
34
-340
-563
-321
188
-136
956
589
-411
-844
-774
-882
43
472
-597
569
530
-1000
-890
-974
-994
122
848
977
-333
-612
786
911
-890
834
935
-693
-357
739
710
-828
-175
-217
477
788
777
-920
-367
801
-170
229
698
96
-180
-542
-530
693
-995
12
-534
375
-35
-202
613
888
-565
-827
867
-843
764
758
-234
-256
-368
428
678
528
-229
973
-329
-172
-641
911
-229
-417
-119
513
299
642
310
465
-923
988
278
-131
596
-482
-261
-554
-85
-383
96
49
241
838
418
478
-914
965
-91
-286
-587
1000
522
-387
-29
849
431
-55
-748
178
-374
580
-898
-440
-412
-142
537
-808
195
-666
233
435
-227
-297
-198
-172
-24
-6
797
83
-39
-180
142
265
99
-64
592
700
-180
-306
-67
622
-450
982
-312
675
469
-514
-342
-189
493
360
-766
65
3
904
346
623
-380
-429
-316
-826
143
721
148
-537
659
376
666
373
-724
-125
-385
17
-148
973
907
-729
-334
-557
-105
975
-534
-472
-664
-279
451
39
629
-166
307
575
169
360
518
-933
917
-723
732
-36
-301
-926
901
-749
177
-920
6
436
205
455
426
-136
932
713
774
-795
470
-789
-572
-632
234
-548
-745
-370
870
-849
392
-974
-375
-441
-471
-325
-969
-109
99
763
-663
783
-68
310
-206
124
312
54
669
-215
-521
-508
704
-737
965
755
-577
267
353
-196
227
962
966
729
-15
-435
567
305
-358
496
-899
254
361
-735
173
-790
39
-552
379
979
-321
-468
555
887
906
283
326
14
753
-719
667
806
-350
249
444
406
369
-278
-396
-812
-312
92
813
-498
556
60
408
435
-374
497
269
-814
785
908
551
-13
604
-110
515
-76
234
-234
867
-602
57
635
376
-534
-791
773
-720
-318
355
-258
876
126
-975
-864
463
448
855
-114
-894
-379
-522
86
613
-915
697
541
-626
-914
-836
610
-542
-954
-841
519
296
533
86
-105
829
349
78
546
-73
-144
207
-745
-756
-678
-480
491
382
-634
-14
641
516
-188
-891
563
-776
-777
-828
582
169
-916
995
69
-459
-988
1000
368
-663
446
969
24
872
-353
768
-369
-719
623
528
90
-914
-930
-793
-503
597
939
-691
-304
5
-950
253
100
-570
-736
-116
-26
-916
-340
-174
-605
364
429
543
437
524
743
467
205
411
897
140
-671
-665
894
165
733
811
-420
401
-948
803
573
-59
883
-8
-837
-185
177
-425
34
809
-68
350
327
-773
432
-557
294
198
525
349
963
-200
511
408
-640
424
413
-185
-931
-550
-423
-680
506
-893
18
823
639
-82
-789
-735
-527
165
772
534
214
777
-169
722
519
-746
-472
-851
4
-781
-364
914
697
-484
-629
-532
-957
979
21
219
360
-627
551
550
648
-638
-361
647
472
58
-701
-356
-371
-182
963
-94
-840
-165
-765
194
940
690
386
245
334
-352
-974
481
-458
-343
525
612
110
-592
151
-870
-137
-694
-229
155
-265
538
125
302
954
278
981
400
417
-574
-578
-843
-227
-819
-87
-189
-72
-868
539
607
-904
90
-964
552
-588
-990
930
-297
757
225
-488
-60
283
955
880
766
-468
-197
663
685
263
197
452
-229
985
892
-879
938
-532
-863
-954
972
546
-677
68
350
-108
-207
-197
548
-791
158
353
-856
-784
840
671
-585
941
-623
389
-599
9
-238
648
356
-178
-750
-996
-644
-877
943
478
896
337
331
35
-333
149
359
62
25
-292
181
-720
353
19
-636
-413
-795
-884
-680
-757
187
-272
179
-730
315
-59
-132
93
585
-374
3
95
688
-20
-423
874
-807
763
-844
-926
-412
-361
-926
-522
354
184
-867
115
-533
-535
957
-69
921
541
-192
-705
833
-70
840
-455
324
-753
-221
115
-134
-775
189
-882
-221
984
-318
831
608
926
-5
-598
132
-375
-371
139
-984
856
-618
-219
-207
601
509
-864
259
938
-688
79
-398
737
57
-622
-738
-676
-723
892
493
72
337
343
-311
-40
-497
-829
574
202
-851
-866
-711
-53
743
375
-794
382
-770
-279
169
-953
649
-288
414
-764
-304
-773
689
-745
305
642
496
-556
803
-711
408
-981
-9
-6
-445
-374
-4
-27
-995
-492
-195
825
-313
427
-30
-456
634
816
481
-644
-765
-493
-413
-778
-962
764
-739
750
709
847
725
-228
229
-787
423
334
-143
-845
319
-884
827
906
-598
137
746
-383
486
452
-300
-146
-793
-491
-55
210
-785
522
-676
-578
-785
-658
-472
133
-298
-429
346
687
-859
-326
-214
-116
-141
975
-542
-920
-186
-945
-378
513
451
-45
-369
722
666
193
-890
-546
227
-823
-545
660
164
236
137
-743
295
-930
1000
-563
888
-573
367
-3
-246
435
264
820
926
852
65
-196
-154
-263
-157
528
-110
108
-258
-763
180
-335
-226
-740
440
-977
275
431
-574
-755
443
236
-929
488
665
-854
-945
675
-642
-346
328
-62
152
-892
717
-972
609
-87
-189
3
890
340
37
437
-991
487
226
-35
477
-707
534
-840
-752
-83
257
350
577
-211
944
-817
-786
952
-319
330
302
-717
-506
279
884
-56
756
-787
554
-308
-689
-139
175
870
384
293
572
-162
97
989
745
70
-838
764
33
97
558
999
-826
366
266
713
-965
-303
6
-865
-329
-166
-403
28
130
-337
-775
-306
-148
-220
64
-711
-320
626
-480
-347
516
-1
955
-443
564
-727
481
-447
-928
-591
-10
-473
235
491
561
-820
-73
-212
-26
-275
-836
-331
-562
-510
-632
362
82
-145
-54
-65
454
-807
-474
-59
-513
-768
-783
86
828
470
-929
132
-985
919
903
161
-675
416
-455
852
-53
602
771
-484
223
-273
63
-775
396
-758
771
-502
-76
227
-574
205
-353
-878
828
349
-594
-937
191
746
59
-795
-147
-380
-520
307
-216
718
983
-605
993
-978
-263
-611
622
-838
-675
173
607
-35
35
-484
274
-305
319
-991
-395
301
-733
-914
391
-939
-511
-71
894
-404
-149
-317
15
-591
693
585
804
89
-692
423
-236
-305
-840
-956
-333
-275
623
-803
221
546
836
-905
932
-173
-937
-921
-69
801
-816
468
-691
-435
116
336
-331
638
690
363
-322
-140
-902
-46
-590
904
-746
817
-422
610
-23
-502
220
-150
-66
546
231
-160
-64
-816
-624
-502
205
-714
-764
838
162
638
-926
-97
862
-372
46
-891
569
194
-517
530
-997
-886
221
-623
327
-171
813
911
-614
-548
333
-350
-586
117
722
-229
-546
-281
587
647
212
-96
368
591
482
751
-628
391
-66
995
-963
545
-290
-759
-933
-588
271
840
545
-38
330
-936
894
-726
-713
-649
-286
-782
-453
-831
-268
-838
88
480
-491
993
956
246
-469
-809
859
619
-282
-26
-925
42
-55
102
-979
-347
763
887
553
147
-902
202
563
453
188
976
500
775
-604
289
-909
897
-794
-324
443
-421
41
769
512
-756
562
-361
528
-534
547
-284
8
117
-377
663
-387
-318
-824
-499
-936
-777
-807
115
301
642
-918
190
373
113
-673
-125
670
-414
985
502
432
62
231
-59
-885
-228
66
699
727
-960
-228
-935
940
-279
-975
160
-294
-219
-124
347
247
837
-845
355
725
-198
-714
886
957
582
808
113
800
733
453
-775
943
147
888
-333
855
-522
-970
-987
952
748
91
-901
-436
887
-939
381
-186
266
142
123
-314
486
846
330
-758
120
-720
13
-115
65
-762
50
-236
224
29
-956
-984
988
-316
97
395
-698
-752
916
413
553
-373
-634
223
-624
991
-304
-266
-378
-161
430
-141
624
-704
-587
-582
832
-799
565
-635
-26
426
682
86
511
-621
-836
559
237
-657
-935
550
-556
455
-374
-906
-259
307
-505
-62
-361
-242
528
-499
-685
463
-869
-575
-935
642
709
912
783
-393
390
187
586
-538
686
-67
-137
-577
865
269
624
158
763
537
-545
-301
191
-389
540
317
637
941
724
-210
-223
-991
-740
53
217
722
449
865
-163
-539
-749
739
675
-670
438
80
427
-422
-892
403
96
136
-67
683
-72
-939
-639
300
-493
624
231
263
906
-181
-55
727
697
-633
96
741
704
93
-459
295
-539
21
423
-860
197
719
-173
697
-15
188
12
-104
933
-935
-239
133
803
-958
-957
-430
-709
-436
641
-3
195
294
-810
-652
487
258
736
-785
-529
532
-547
932
-334
294
819
-30
581
-655
742
147
235
-292
753
700
-319
-805
632
-958
-444
201
-559
-306
673
793
-687
982
-251
-893
-936
729
752
-880
541
-358
-3
-36
381
950
-424
-670
940
-717
-42
806
562
329
893
687
100
-486
-302
-834
775
133
-844
-488
540
-74
-380
617
-232
-369
949
496
-710
180
426
-862
207
-701
703
-331
-111
435
-292
-611
370
271
282
771
139
306
-257
651
-976
-976
-642
344
-959
394
-258
61
373
-773
-196
-742
162
-16
-605
-626
-311
-968
-366
-851
234
-870
-801
-128
-380
-10
125
-939
-690
288
965
34
854
-287
-181
-201
-805
65
880
-272
510
-363
96
-34
896
213
-509
394
-302
450
459
-245
908
-228
316
-197
-317
622
93
383
-827
369
-615
-508
-371
-125
-185
-121
360
-495
848
-524
-831
-888
194
626
-319
-306
-175
17
-34
993
-810
723
205
-971
-452
-976
944
-36
866
543
743
125
-326
-224
620
-500
764
-947
-329
250
455
-970
461
-515
-233
615
-326
995
-462
773
723
-455
-111
706
-36
973
895
-542
124
328
-916
284
-817
-449
857
-794
592
618
825
928
422
359
374
-725
-972
-420
314
491
646
443
-414
-323
673
-890
-407
83
224
-330
-619
-119
-643
121
-530
251
752
6
287
-923
78
-616
754
608
633
5
-877
-477
598
-484
-932
-154
707
506
821
604
811
-632
-469
-103
-499
60
-790
923
307
580
-360
633
827
-346
668
974
674
811
561
957
854
-836
344
400
-415
79
109
259
-514
558
865
212
-972
-23
267
-616
-719
578
948
-263
204
431
888
-462
195
-406
-120
449
-704
759
189
111
917
-791
417
-159
-683
829
737
349
-804
93
-865
-922
-883
-915
-1000
-344
-159
-783
-452
-517
962
657
298
911
514
-193
346
-192
-513
737
699
-346
399
-129
369
737
717
-708
-314
-515
-228
27
-497
972
-549
950
857
284
-522
834
55
98
-764
907
-853
369
567
-475
-306
192
21
399
-811
-688
952
-816
-779
-672
5
-196
765
-670
-899
738
956
412
27
433
585
219
223
-406
579
-114
-639
700
-884
787
-510
-254
455
811
54
208
-234
-998
-133
-735
-950
80
-607
-759
65
887
703
-832
-274
441
979
-692
115
726
484
711
-723
-304
294
59
483
-378
252
613
161
598
154
34
793
-178
-420
880
469
620
838
219
90
811
921
-173
-370
-689
163
642
506
623
97
-846
-214
356
95
-409
-550
-952
-79
256
-389
-138
101
-664
956
-599
634
-545
-772
572
280
-984
561
-398
-860
660
741
370
669
-485
497
680
862
870
711
349
-357
784
-63
484
210
-56
680
-410
562
-321
144
294
565
-390
-232
928
207
513
-239
876
-52
-582
576
-883
980
924
-782
706
519
461
-462
721
-147
-88
856
968
330
956
10
522
-762
371
-461
-443
-484
-443
69
-212
-509
543
-855
610
894
664
-831
-459
332
-597
-618
553
814
-374
103
-362
607
-404
274
329
-778
437
417
-509
-117
947
186
500
-435
86
-795
156
525
723
161
-957
-528
-499
196
-302
-396
-434
326
240
-169
-928
334
-208
533
-93
-904
834
-567
61
-642
-761
69
-72
898
-277
-38
645
-407
318
330
796
-297
993
-995
-273
-454
-899
-528
382
551
-227
-741
-306
221
-589
-858
754
563
-145
616
-566
198
996
-829
216
91
804
-334
-921
166
505
-899
-53
15
-673
-288
-149
763
-176
-244
-807
795
-429
-235
623
-509
-783
-228
-42
921
-257
-592
755
675
-985
-600
-170
249
67
-570
-306
-734
-801
-626
411
60
741
556
-791
-754
-90
-441
-33
-681
610
446
-25
394
410
-424
-846
7
261
926
-862
-426
-600
220
102
98
-50
-697
-366
792
0
28
-741
914
-785
185
110
-252
-500
-446
152
-789
-787
239
604
52
-958
51
-743
469
896
494
-424
-793
-510
-837
134
-281
250
538
200
535
185
664
-314
264
-525
-33
-403
454
76
-228
935
767
540
-416
683
-46
781
475
-671
372
-33
872
539
-956
-337
838
-733
-722
-947
-818
-566
494
745
-897
452
869
601
912
329
-143
-142
-283
290
-339
-186
17
842
955
-670
-855
604
897
-49
766
-284
934
8
-895
-227
972
-747
-674
575
-526
-442
-163
-795
65
-830
-797
-707
432
755
244
-661
-719
-888
976
-954
-362
-49
843
659
-894
891
-817
-822
373
802
470
-992
836
-68
54
303
932
-942
794
-711
974
404
-683
127
627
803
132
211
-510
139
268
-123
93
-71
-389
-123
670
685
-897
-568
663
-730
971
-263
997
-921
317
-196
973
-422
-20
194
-142
327
25
281
-460
-858
349
-451
349
467
-711
-666
919
712
852
-496
240
-159
-543
58
709
-300
627
-989
-931
786
-165
-895
194
-989
-999
426
-204
134
-506
-526
-841
636
-920
43
471
-815
179
-631
-592
-904
-997
742
458
-878
848
-707
287
-777
302
-36
636
632
-906
-748
368
441
-654
393
139
-268
-501
778
212
-160
892
-157
-914
752
456
127
-700
911
866
-78
208
-51
-503
-166
-882
-254
-576
728
991
29
-179
708
-750
109
732
333
670
364
927
679
-123
-270
812
884
-425
-910
-409
837
875
952
148
630
697
880
-861
619
-461
-120
-840
-75
-616
-440
724
572
-608
-757
-684
-376
-373
-698
-398
806
693
-854
-294
-373
270
-680
10
-376
910
-975
9
-456
-175
436
202
-877
614
413
-437
-756
862
642
189
665
-660
-69
135
200
200
-548
-545
-381
61
-234
59
737
766
924
737
23
-890
123
-946
701
-395
-677
324
-547
551
640
998
-213
-431
-105
-318
322
456
314
-460
611
299
738
-834
365
-907
-339
-346
-436
-791
804
139
209
497
21
330
-78
662
-945
-144
557
-35
-442
848
-771
481
595
35
-272
-485
295
-359
775
12
100
-838
839
-823
-658
-851
651
246
237
-206
-723
738
-116
-401
445
410
700
334
392
-822
-940
421
-627
519
844
-853
-94
567
-467
-403
1
738
186
620
288
-434
745
-473
-373
248
176
715
-939
-477
-546
-43
235
669
902
-304
-766
907
-746
98
-129
717
34
-642
699
674
-158
-510
168
-353
198
-571
50
-311
844
-476
836
212
469
-148
-320
989
-542
-260
-431
74
-705
267
-200
804
153
-721
-729
587
-28
-738
83
156
17
-861
892
-634
560
-935
475
-959
-207
537
-58
787
-143
996
553
436
296
-961
994
992
-635
-13
929
-996
466
138
77
559
215
-67
-626
-158
-241
-289
535
792
-230
172
-820
601
-726
-814
-741
106
-383
-140
802
-67
210
-742
843
-584
-310
-46
-417
-96
871
-444
-523
533
-943
148
215
450
994
-8
-636
991
-227
-754
971
-227
976
667
261
388
-142
913
-906
-960
242
481
416
718
732
215
-313
-875
-740
862
683
439
461
425
-734
897
-384
92
-820
-898
467
-88
704
-213
-52
661
-903
618
214
85
467
450
735
-493
231
621
294
-177
615
-915
941
763
-220
-584
-335
-391
-226
239
-171
-445
-184
-928
-540
376
-395
-1000
-173
-771
-604
801
520
-170
-301
684
740
603
578
-577
-236
187
196
-739
180
544
687
-281
-5
495
879
-225
-827
556
-842
227
559
350
-215
240
-600
22
-690
-140
-495
854
-529
831
710
-523
525
890
-773
-710
176
442
690
-89
959
-182
-339
-884
360
959
-263
-291
-612
964
970
-238
296
12
558
-78
-790
225
-88
295
-122
597
658
-131
-534
-470
-415
-107
-416
-464
-705
74
-66
742
223
-729
307
-988
-771
-239
-673
474
124
-337
-978
520
923
-320
137
-405
776
-408
751
550
-333
-787
991
-406
-236
-292
871
-313
-629
-536
217
-235
886
787
-61
7
-773
316
-875
0
568
-61
-919
-239
837
-87
146
-456
562
630
-706
102
652
-995
-555
-741
-665
-775
-845
-30
756
-646
-631
821
588
-961
810
-947
-255
-838
713
-597
623
118
-342
134
578
-900
-714
-328
-371
-76
-299
-840
-20
-91
619
654
-337
362
717
-177
-715
-377
650
-529
-614
600
-567
-313
226
-608
881
842
665
-705
253
-923
201
302
384
-679
-968
-787
654
592
429
615
-860
156
-987
853
-535
-491
-273
-661
468
289
-168
-807
-634
-134
-61
-212
435
-640
-624
133
424
665
105
-495
543
-703
887
-215
967
-579
498
113
-822
845
-58
164
835
-576
-167
-690
465
873
-771
472
-629
-464
-494
-898
-336
-826
46
-193
-799
-930
-538
921
430
-528
-718
-499
-437
332
258
-905
-25
485
288
-23
327
257
-102
-354
573
-546
860
-429
-168
1
302
535
700
-393
30
-418
207
782
-562
-484
-882
471
-565
-697
-427
656
337
109
112
204
-757
-113
-852
-565
-859
33
-5
514
792
737
389
-986
-473
312
-161
-269
-24
-898
617
913
-787
-658
214
-291
808
119
-29
-50
637
853
200
-872
-155
-901
-502
343
915
-396
137
-264
-84
-645
-373
-527
97
570
500
-317
120
479
852
940
740
991
-837
151
538
704
-811
-6
-145
-215
-560
20
581
-133
166
-663
-312
-748
122
274
80
-742
452
166
252
196
-847
65
716
152
159
377
-521
-325
890
-126
-223
705
210
-625
440
-580
740
510
668
-754
183
-431
645
132
250
-970
245
-683
-694
-123
776
-867
-730
-202
-740
-411
-479
443
306
696
508
-578
177
67
124
-65
-327
-501
345
-746
-258
428
210
-948
314
433
628
433
874
-898
-220
1
765
-441
-194
722
-541
497
-996
-217
500
451
-676
477
-748
-828
867
-38
579
875
384
447
555
592
-367
51
-975
21
259
377
-123
-380
-301
821
945
-584
-721
126
348
214
-134
-453
593
745
-276
431
802
-383
-807
913
667
452
-312
-867
487
107
959
451
547
21
-117
2
-977
-796
384
-42
-80
977
902
-57
886
-920
-2
126
-54
674
-502
-946
372
357
-163
320
-81
-592
-989
416
-546
174
-245
225
-834
-145
706
-938
393
709
659
-99
-354
-915
19
-707
230
-362
-727
-291
752
-287
-334
757
-915
981
-672
-786
529
-941
-977
22
343
-741
85
-444
910
769
800
-783
946
-245
205
565
-782
-689
-236
-319
737
759
686
986
307
58
280
126
-275
-533
-538
-635
397
-722
734
-441
995
-590
-856
-136
-642
44
189
109
13
784
-450
-384
970
684
-969
-772
-995
-968
-749
397
-958
-388
-646
315
-544
475
-877
493
-161
-701
57
757
-126
-852
666
-21
603
557
394
579
-650
-583
-446
687
-837
840
890
148
-29
-286
-688
-311
761
38
-58
-846
-511
885
58
-411
-534
-108
-801
-500
348
688
487
-335
-256
-290
-38
-276
-997
632
-930
338
226
-373
-547
862
487
279
126
-820
526
322
998
-762
360
-757
159
756
238
-209
481
961
770
-880
-966
-832
-56
-850
-322
932
277
-379
318
801
311
313
795
-1000
-787
-43
-974
-997
265
-622
-66
999
-243
190
911
831
-628
57
-283
461
812
-613
424
83
413
-22
233
-417
182
624
185
-174
571
-22
-814
20
150
-605
730
-497
916
950
-536
-609
-951
5
-928
865
-399
928
52
-232
583
-512
152
493
536
-334
56
340
-195
-667
-987
318
146
-407
573
-213
894
-15
-392
378
-428
-184
362
-545
670
-739
788
-32
-462
731
513
-473
204
-629
211
435
-228
727
633
-449
452
896
546
-559
154
891
410
569
-782
36
-37
556
-690
633
216
171
272
-17
393
-179
-46
958
-719
324
797
588
-38
-478
-859
147
280
483
-11
-876
30
572
-891
-379
-331
-187
-447
-378
-168
-266
-446
-368
886
-676
-588
712
-345
-866
347
-128
-800
-330
411
-615
-356
300
759
-566
822
384
516
-20
942
467
-519
-244
-889
502
97
-212
775
-459
617
703
-840
-752
974
-367
631
148
-655
-876
36
-922
912
67
300
-555
36
-312
303
793
961
-589
887
-777
139
-358
-906
597
-272
-304
3
-298
906
-570
803
-655
-588
-887
-607
-139
-863
676
883
-273
437
713
-243
399
-363
98
-56
-354
858
-489
-940
859
695
639
-981
-699
138
-48
-850
-65
11
-163
-154
484
-915
-396
-872
-96
394
390
-154
787
116
246
-349
-520
-684
-172
-799
361
-938
-500
754
487
858
-164
594
428
-57
201
-11
-330
456
-900
614
-577
-163
436
402
-680
56
-295
-581
424
-12
-495
681
-799
706
-500
236
809
-605
762
-549
-978
362
489
-752
-133
-770
415
211
862
-16
459
148
-701
-817
-14
964
-659
927
892
-54
-221
294
-501
731
-988
348
822
800
826
44
471
-257
-197
-757
-839
-388
606
180
-260
75
-892
-672
381
134
-324
-178
217
-664
197
90
-770
-957
-258
390
744
121
-392
8
-802
-929
-281
989
-484
-735
-734
477
-375
430
-243
884
-958
534
377
596
309
-551
-776
-397
889
177
-881
17
879
249
965
-298
114
513
35
-421
-766
437
-413
657
-76
-585
-456
604
-790
835
769
394
585
-524
689
890
-927
-898
-237
-198
146
368
882
22
927
-370
-292
-431
-157
882
-446
-961
617
687
87
494
-718
728
-814
-128
-735
913
264
-423
599
965
143
-611
696
337
-890
-263
3
464
871
-296
-786
-404
398
-702
8
-668
-793
-364
573
-921
488
35
-911
-216
318
896
217
-160
-483
83
400
-116
-911
-938
429
470
920
-366
-73
-825
-545
780
-738
9
-852
-612
790
-93
-369
-598
436
-701
960
-800
-946
357
459
955
-325
650
-448
-474
676
-90
296
443
880
461
682
-734
-484
-952
-361
469
-985
640
-602
-558
986
928
181
849
387
615
436
79
116
264
613
784
-395
473
610
-728
-41
-122
952
390
704
-947
-94
818
-860
795
119
-232
-474
-113
-807
-401
-11
966
-482
232
740
428
-425
425
48
307
88
945
234
-336
-108
-352
-75
920
-119
689
456
-508
409
101
-151
-252
746
742
82
408
-572
176
286
-745
672
-795
-285
897
393
87
-438
628
-258
345
-689
-576
-985
-293
845
-352
-42
544
-610
-73
-783
-222
160
553
-497
907
-843
-33
596
49
612
-465
-29
-404
-750
61
73
-765
-44
870
-952
406
-870
684
222
950
-740
425
897
815
-386
-746
-437
-947
-745
621
-969
-343
-19
-618
-326
737
4
-510
256
447
-365
-202
302
622
-424
-423
-379
7
-866
222
-833
955
265
-293
-523
-428
-593
-200
709
-681
50
-495
149
-537
-456
153
371
487
750
328
615
753
-249
860
-552
-912
148
996
-162
-566
-270
-399
665
713
-350
-949
9
433
363
-357
-221
-650
-273
549
553
-247
-807
841
-279
967
-302
326
-337
901
-47
-78
-605
668
705
-257
-128
-417
-998
321
-483
-569
-78
-729
569
-434
-650
-285
298
-739
-740
975
-626
-734
-94
-452
-938
-415
607
802
343
493
980
-845
-331
-780
-239
628
-899
-956
-474
793
-564
880
374
576
-979
485
585
28
640
196
785
-848
4
678
-240
-838
732
404
438
119
644
249
0
-918
-294
442
-599
-308
909
-235
-65
870
982
-390
-843
332
370
906
-34
-737
926
-282
999
-323
-761
-301
138
373
-854
-355
-98
-275
-502
-816
601
242
-295
-843
-419
-225
2
283
901
-865
427
615
-522
547
-201
-192
-346
-709
-869
-359
959
440
623
-744
-272
753
873
-481
-967
-245
157
-83
-134
311
-36
452
-246
857
682
-275
409
-399
-103
-223
-420
71
-201
823
-408
38
405
-330
328
-598
200
-746
45
-624
28
12
-282
-227
-266
185
295
684
-777
754
-895
564
965
857
-321
-167
-997
17
-565
-264
737
-275
374
-29
825
-225
215
-896
-667
-968
806
-488
198
-384
742
-426
904
228
609
762
-617
872
521
130
-946
260
-722
444
-652
750
-136
-250
-617
-711
110
530
-511
-209
622
861
-178
114
850
-816
623
856
198
-57
429
434
353
-563
-884
633
-975
444
-304
-221
558
668
-90
-471
-345
679
-922
-717
960
210
91
286
985
648
-996
-861
-379
-565
-197
-430
-372
-769
-247
-660
-509
-826
154
-694
-678
814
-671
292
-656
-334
-420
-822
248
661
-615
489
-562
-64
564
-804
546
499
-331
959
924
624
430
820
-600
775
783
367
371
696
-501
400
667
-22
-991
463
-193
-314
7
828
-976
105
545
582
-9
-488
356
-317
-37
291
705
937
-506
-235
-935
-186
226
434
-937
-88
-856
442
-837
-234
-786
272
-7
-643
751
-339
521
482
949
-535
-638
-947
-165
211
-481
574
823
278
817
493
920
-746
815
-455
584
-833
979
438
-596
-263
-570
-739
-218
-628
-884
-444
217
-341
-888
-912
-775
468
670
404
647
654
996
187
-444
-251
-853
964
-454
-833
761
25
-661
-236
-253
-231
88
-590
-782
-271
-351
-363
708
141
225
685
-787
-583
629
-892
538
196
-262
858
294
759
488
-598
615
203
745
-145
-750
-517
-180
923
946
-163
-282
745
906
-64
823
-38
-942
819
946
242
667
-747
-355
-628
-185
926
771
306
-51
-80
-285
187
-875
414
420
-722
227
346
-989
-851
503
481
-316
159
958
567
-890
-326
179
-587
628
62
-725
368
693
-611
511
-999
889
451
-333
-568
-593
-984
40
194
-726
-796
-369
-176
-131
201
784
-76
536
-564
-257
-42
-607
-256
-388
591
168
112
-996
-726
-955
185
3
927
-41
-273
-482
932
620
80
-730
-676
-32
-232
-140
107
-642
-556
-668
517
-233
-972
503
590
-590
799
551
